7 115009
1 113663
1 115443
1 114014
1 113966
1 114057
1 115094
1 115523
4 113610
1 112738
2 126087
1 125379
1 116096
1 116041
1 116500
1 116451
1 115952
1 120223
1 113302
1 123548
1 113162
2 113157
1 113008
6 124870
1 123492
1 113159
1 116891
1 113668
1 116848
1 124982
2 118516
1 125201
1 116308
2 116305
2 116305
1 125512
1 118560
6 115009
1 116528
1 118451
1 118767
1 113558
1 118415
1 123227
1 125863
1 116849
1 113021
2 116341
1 113198
1 124776
1 123518
1 117196
2 125472
1 120284
1 118438
1 116503
3 116519
5 113023
1 113221
2 116706
1 123518
1 122408
1 119247
1 113700
1 116047
1 120116
1 118541
1 118599
1 118483
1 118483
1 118444
21 118698
2 118698
5 118698
1 120175
1 118417
1 118599
1 118521
4 123417
1 116341
1 120116
1 118646
1 120142
3 120116
1 120116
1 120116
7 120116
4 120116
3 120116
2 118595
2 117491
31 118587
1 118587
5 118587
1 118613
1 122722
1 114654
1 125458
2 118501
1 118623
1 118742
1 120921
1 118230
1 120175
1 118544
1 118385
1 118528
1 120175
1 124644
1 124571
1 124644
1 118555
1 118465
1 118528
1 123654
1 123354
1 125309
1 125561
2 121163
1 121163
3 121195
1 118271
5 118436
2 118436
1 118432
1 117521
1 125863
1 113728
1 125580
1 113558
2 121092
1 118705
1 116499
2 124881
1 112681
1 115488
1 113063
1 113302
2 125242
1 120042
2 123343
1 118607
1 116362
1 121124
1 120171
1 112948
3 121060
1 121060
1 121060
1 113189
1 118501
1 118415
1 119220
1 113040
1 119220
1 121291
1 118344
2 113197
1 124578
1 115089
1 113149
1 115646
1 122921
1 115964
1 115634
1 116167
1 123689
1 125248
8 126039
1 124599
4 118571
1 118571
2 118571
1 118571
1 112662
1 115466
1 121736
1 125484
1 115423
1 123446
1 125473
1 114710
1 113028
1 123249
1 125244
1 113028
1 113834
1 116827
1 123427
1 116757
1 116757
1 113348
1 113603
1 113603
1 112861
1 113070
2 113727
6 115979
1 115765
1 125285
2 126254
2 113727
1 113300
1 115998
1 115810
2 118500
2 120165
1 117841
2 120142
2 121100
1 113293
1 113049
1 113544
1 113565
2 115811
5 124683
2 115810
1 115810
1 117531
1 113143
1 113143
1 121809
1 113690
1 113264
2 113544
1 113143
2 121191
2 121194
3 126271
2 125127
1 117534
1 112705
3 116965
1 113348
1 125551
1 119269
1 113147
1 113540
2 113297
1 116149
2 113355
2 119108
1 116149
1 115955
1 116748
1 124721
1 121928
1 125019
2 113455
1 113012
1 113155
1 117228
1 115810
9 114848
3 114848
1 114848
1 114848
1 113610
1 113167
2 115155
1 125280
10 113288
1 125185
1 113565
1 113028
1 122309
1 123427
1 113183
1 113226
1 124394
1 118017
37 118658
1 118658
5 118658
1 125315
1 125315
1 112903
1 113143
1 113143
1 118652
1 118271
5 125156
8 113459
2 113379
1 118564
1 118212
1 116069
1 124907
1 113651
1 122392
1 125665
9 113668
1 119284
1 113700
2 123443
1 118392
2 118652
1 112703
1 115717
1 114689
1 125433
1 113453
1 118775
1 113227
1 113049
1 125309
1 112766
1 113137
4 113564
1 125794
2 123468
2 125487
1 125487
1 117528
1 115852
1 124925
4 119954
1 118660
1 124935
1 115982
1 125965
1 113245
9 125011
1 115635
1 113527
1 125429
1 116442
1 114276
6 116443
1 116442
1 116442
1 116442
7 116442
2 113143
2 122370
9 125455
1 125455
6 116442
1 116442
2 118519
2 125248
1 116442
1 125443
1 125443
1 113694
4 113367
4 122532
1 113161
2 117534
3 118646
1 125038
2 125430
2 113620
2 125429
1 113367
1 125296
1 113167
1 113349
1 125474
2 123239
1 124172
1 126271
1 113145
1 113145
1 122186
1 125233
1 113109
1 125248
1 113152
1 116358
1 125436
1 116126
1 119068
1 125671
1 122400
1 113023
1 124578
2 117461
1 118413
1 115984
2 116879
1 118212
3 123720
2 116071
2 112882
2 113055
3 114552
1 114519
1 114519
1 114519
2 114519
3 113080
3 114519
1 114519
1 125489
1 113013
1 125541
2 113355
1 124802
1 116651
1 115545
1 125956
1 125956
1 123720
6 115775
1 115779
1 115775
1 115775
3 115775
1 115775
1 115775
1 115775
1 115775
1 119498
1 118465
1 116829
2 118571
1 124984
1 116100
1 118392
1 125198
1 116749
2 113053
1 118535
1 125499
1 117311
1 116938
1 115864
1 115669
1 117228
1 116757
2 122339
1 118392
7 113453
1 124897
1 115639
6 125198
1 112859
1 115504
1 113159
2 116296
1 125887
1 113147
1 113250
1 113367
1 116413
1 115756
1 118564
1 113109
1 125301
2 112686
1 114745
1 116838
1 113031
1 113148
1 113147
2 113499
1 113252
2 118693
3 113691
1 115810
5 113080
1 116506
1 124920
1 112991
1 115797
1 115195
1 113109
2 118767
1 125012
2 114417
1 125543
1 117116
1 123054
1 124259
1 114026
1 114353
1 114116
1 116871
1 116480
1 125293
3 123468
1 112909
1 114534
1 116518
1 122038
1 125582
1 124989
1 116590
1 125274
1 118901
1 120211
1 125250
1 124998
1 122386
2 112807
1 123204
1 125015
1 125315
1 123468
1 119087
1 125874
1 124737
2 124881
2 124148
1 125039
1 123905
1 125503
1 116691
1 118775
1 125804
1 125012
1 118394
1 119163
1 115120
1 125713
2 124692
1 115346
1 113464
1 125641
1 116879
1 115635
1 116909
1 116909
1 125969
1 118563
1 113923
2 125794
6 113149
1 125864
1 125250
2 125248
1 125412
1 125315
1 114255
1 114548
1 113988
1 114898
1 113017
1 112661
1 114898
1 120225
1 114489
2 116562
1 123707
1 113558
1 125206
1 118525
1 113459
1 125955
1 125955
1 113666
1 126089
2 112663
1 115474
1 113139
1 123443
1 124977
1 126089
1 113147
1 113746
4 116838
1 116810
1 124802
1 126121
1 117478
1 113565
1 118392
2 122329
2 122329
4 113443
1 113023
1 113143
1 113195
1 118384
1 119498
1 115813
1 117024
1 113288
1 115818
1 113226
2 124988
1 125242
1 113070
2 118446
11 123628
3 123628
2 123628
1 123628
1 118452
3 125705
3 118212
1 118429
1 124949
5 124948
8 124948
2 124948
1 124948
1 124948
4 124955
2 124955
1 113070
1 115833
1 113020
1 113262
1 116866
1 113139
3 114276
2 114276
1 125766
1 118446
1 114276
2 114299
1 125487
2 125487
1 122298
1 112991
1 115827
2 114298
1 119263
1 116359
1 113020
1 123450
1 113011
1 113055
1 113422
1 118750
2 113095
2 117534
1 122513
1 113155
1 113155
2 123427
2 112871
1 113049
1 113013
1 113231
1 113723
1 113365
1 121981
1 113147
1 113193
1 125578
1 118609
1 118426
1 113109
1 125315
1 113017
1 113222
1 112681
1 115571
1 113553
1 113070
1 115488
2 113020
1 115309
1 115627
1 119149
1 115810
1 124177
3 115894
1 113691
2 113084
4 113090
1 113049
2 114498
1 113014
2 114889
1 118745
1 114153
1 124364
1 115964
1 115788
1 112670
1 113055
2 113013
1 113055
1 118400
1 112939
3 113617
1 118474
1 113565
1 126090
1 118652
1 118652
1 113013
1 113455
1 113609
1 116323
1 118450
1 113163
1 119364
1 125669
1 115462
1 115572
1 115952
7 115464
1 116005
1 116005
2 125277
2 115463
2 115635
1 115522
3 115463
1 115635
1 115635
1 115572
1 115635
5 115635
7 115463
1 113479
2 115468
1 115811
1 115979
1 122207
1 115635
1 115464
2 115462
1 115984
2 115635
1 115979
1 120223
1 115979
1 113227
2 116870
1 123634
1 116644
1 113691
1 125588
1 125248
1 126245
1 124387
1 112861
1 118794
1 124959
1 124962
1 124965
2 116732
1 122041
1 117534
1 123316
1 125789
1 116755
1 125414
1 125231
1 113015
2 113302
1 115623
7 113624
1 125024
2 119255
1 113014
1 120211
1 112882
1 115810
1 113158
1 113020
1 125420
1 113650
1 113966
1 112716
1 113055
2 113020
1 112705
3 113021
1 124384
1 124368
1 124359
1 112698
4 115462
4 113023
1 112700
1 125437
1 124977
1 114618
1 124544
3 113014
1 114853
1 122627
1 116582
1 113491
1 125484
1 116848
1 113139
1 113350
1 115809
1 113152
1 113491
1 125824
1 113359
2 112772
2 113049
1 112678
1 113020
1 113054
3 116435
1 116435
2 125820
4 112857
1 118570
1 113092
1 115711
1 113045
1 113020
3 116408
1 116500
3 116500
4 116500
1 116500
1 116500
2 114444
1 125204
1 126029
1 112681
1 113055
1 113360
1 115973
1 112832
1 115502
1 113023
1 125715
2 113700
1 126090
1 112710
1 113021
1 113080
1 113079
1 113442
1 115462
1 123572
1 115572
1 125208
1 114098
1 113449
1 112823
2 113645
1 113883
1 113045
1 114143
1 113487
1 113020
1 113441
1 115522
1 112786
1 115545
1 113155
1 112882
1 113090
1 126022
2 115844
1 113519
1 123468
1 120166
1 118568
1 113359
2 113507
1 116100
1 113139
2 113167
1 113356
2 113443
1 112786
2 113343
1 113093
1 116745
1 112727
1 113167
1 113013
1 113031
1 116386
1 118804
1 117233
1 115067
2 112994
1 115474
1 122232
2 126019
1 124981
1 113119
6 113054
1 113017
1 120225
2 116449
1 116060
1 125003
1 112994
1 125616
1 116499
2 125948
1 114389
1 125819
1 113707
1 113017
1 114932
5 113302
1 125293
2 113302
1 125487
2 125487
2 124118
1 118212
1 125870
3 113341
1 122115
1 113926
1 122140
1 113352
2 120417
1 120417
1 113147
1 118652
1 113460
2 113345
2 124802
4 118475
1 113491
1 115675
1 118652
1 125009
1 112962
1 115675
1 124024
2 113074
1 115795
1 122329
1 113090
1 112861
1 113021
1 120179
1 113013
1 125640
1 125011
1 118612
1 115840
2 125616
2 118524
1 116706
1 124546
1 115504
1 114849
1 118486
1 118230
1 126084
1 125414
2 117534
1 119255
1 118715
1 118415
1 118681
1 118665
1 118728
1 117509
1 118756
1 118485
2 118460
1 118598
1 121314
1 118646
1 121105
1 118417
1 118672
1 118624
2 121168
26 118480
5 118480
3 118760
1 118760
1 125237
1 125818
1 123998
1 113598
1 113017
1 113149
1 113145
1 125666
1 113158
1 125293
1 116465
1 113422
2 113744
1 125307
1 125940
1 125156
1 117777
1 114552
6 122243
3 122243
1 122243
1 119673
1 121816
1 125955
1 112822
1 113198
1 116364
1 112693
1 113017
12 114297
2 114297
1 114297
1 113143
2 114319
1 125320
1 124948
1 116373
6 116532
1 118400
1 113021
1 117517
1 125487
1 125108
1 117517
1 113457
1 113197
1 120179
1 117517
2 113600
1 117517
1 124954
1 125066
1 125084
1 125565
3 116733
1 118330
1 124118
1 115623
1 120754
1 120754
1 120754
8 125843
3 125843
1 125843
2 125616
1 125616
1 122283
2 115952
1 117183
2 125000
1 113049
1 113049
1 113049
2 113049
2 113049
1 113049
2 113049
2 113045
1 113049
1 113049
1 116296
1 116274
2 125165
1 124491
1 112791
2 113470
1 122715
1 113451
1 112882
1 115606
2 113014
6 113010
1 113349
2 113014
1 113195
1 115972
1 118608
1 124962
2 112736
5 115466
2 114143
2 115526
1 113496
1 112908
1 113650
2 115188
9 113319
1 113262
1 113149
2 125598
1 118392
1 118560
1 113296
1 113920
1 113540
1 116790
1 125558
1 124981
1 112720
1 112959
2 119087
4 113070
1 112738
1 115646
1 113471
1 113020
2 113453
1 113564
2 113258
2 112678
1 113021
1 113023
1 113664
1 115786
1 121647
3 113704
1 113457
3 118561
2 112663
3 113021
1 113017
1 113193
1 112768
1 115493
1 113155
1 118039
1 115227
1 113745
1 125248
3 116829
1 113355
1 116829
6 116829
1 116829
1 116264
1 116264
1 116829
1 116829
2 116264
1 116829
1 116015
1 116264
1 116264
2 116829
1 116829
1 116829
2 116284
1 116284
1 116264
1 116829
1 112670
1 115463
1 113013
1 118049
1 125486
1 118271
1 112730
1 115497
1 113023
1 121148
1 113158
1 115522
1 112692
4 113343
1 113013
1 123443
1 125290
1 114301
2 121148
1 120175
1 113049
1 119622
1 125892
1 118652
4 118393
1 116694
2 113635
1 113635
1 116694
2 119622
1 116709
4 116705
1 116704
7 116704
1 116704
2 113222
1 123548
1 112805
1 118392
1 125616
6 124935
17 124935
4 124935
1 124935
4 124935
1 124935
1 124935
1 114242
1 117827
1 113645
1 117827
2 117827
1 117906
1 117827
1 120999
2 113460
1 116906
1 117827
1 123460
3 112713
1 112712
5 112712
3 112712
1 115010
1 112712
11 115322
3 115322
1 115322
1 115232
2 113274
3 113293
1 115646
2 123518
2 112662
4 124011
1 113575
1 113575
1 113575
1 112719
1 113728
1 113575
1 112719
2 112662
1 112720
1 122702
1 112720
1 112720
3 116718
6 123665
1 120869
1 121439
1 120880
1 113469
1 113017
3 115330
4 126083
2 118482
1 116691
1 125616
1 112730
5 113012
1 113010
2 113020
1 117827
1 118475
1 112670
5 125315
1 116712
1 125414
1 113021
2 120179
1 115722
1 112763
2 113453
1 122280
1 115707
1 121439
1 116386
1 114509
4 125320
1 118790
1 112882
1 113049
1 115341
1 121450
1 115802
1 123612
1 113014
1 113453
1 118775
1 118775
6 125274
1 113014
1 113149
5 115838
1 113600
1 115713
1 113045
1 125785
1 114562
1 113087
2 115488
1 116220
2 116220
1 117931
1 116220
1 115838
1 112703
2 113012
4 113014
1 125276
1 113335
1 116484
1 113135
1 113349
1 115840
1 125320
1 112848
1 115553
1 113153
1 118326
1 121091
1 125233
29 113448
2 113253
2 113080
2 113143
1 125503
1 112949
1 113293
1 116041
4 113293
1 113124
6 112946
1 126069
1 116760
6 126077
3 126077
1 126077
1 112946
1 112946
1 113653
2 112946
2 125732
1 118043
1 113293
1 116386
2 116534
1 123654
5 113575
4 116501
1 116501
1 116501
1 124959
1 112946
1 118560
1 125293
1 123431
1 118212
1 125158
1 113328
1 118212
1 118212
1 113240
1 113635
1 123207
2 113443
3 123427
2 123612
1 113604
2 125715
1 113276
1 115950
1 126310
1 125315
1 119263
1 116860
1 123427
1 113288
1 123427
1 113558
2 113266
1 113080
2 119087
2 125182
1 120245
1 113014
2 113469
3 116362
1 113288
1 122158
2 116944
2 114562
1 113360
1 125732
1 112690
3 115496
1 113551
7 113094
2 113248
2 113094
1 113190
1 112763
1 115829
1 113608
12 123495
1 126092
1 113500
1 116863
1 118385
1 117105
1 122786
1 113663
2 118400
1 113347
4 123427
1 118394
1 112962
6 113055
1 113148
2 116395
1 115575
1 125248
2 115035
1 115650
4 113103
1 119246
1 115475
1 113167
5 112924
4 113063
1 115522
3 115504
1 114849
2 113251
2 115037
1 112924
2 118398
1 113263
1 113250
2 113453
1 112763
1 113070
5 113248
1 123416
1 125165
1 120965
1 125016
1 112786
2 113070
1 113023
1 116071
1 124971
1 125392
1 118655
1 118271
1 125665
1 118438
4 118438
3 113575
1 112786
1 115466
1 113054
1 114700
1 113049
1 115543
1 113080
1 123427
1 126115
1 112991
1 115840
1 113080
3 122337
1 113250
1 115443
1 125569
1 125277
2 118560
1 124450
1 112924
1 123113
1 125667
17 125944
2 125944
2 122286
1 123397
1 113507
1 126040
1 113137
1 125487
1 113180
1 113055
1 124973
1 113464
4 113274
2 115758
1 113124
1 118599
3 113379
3 114849
1 113124
4 114849
1 114849
1 116755
1 125248
1 116700
1 116849
2 112702
1 115646
1 113014
1 113094
3 113020
1 114037
1 115586
1 113558
1 117531
1 117374
1 115835
1 113500
1 114153
1 115623
1 125433
1 113079
1 119247
1 122478
1 122478
1 125588
2 119145
2 124118
1 124802
2 113288
1 122365
1 118589
1 120142
1 113149
1 120124
1 126082
1 113616
1 117932
4 113293
1 115840
1 113337
1 117932
9 117932
1 122516
1 118392
1 125244
1 117932
1 118438
2 121156
2 113293
1 118444
4 125201
1 113109
1 125325
1 114549
1 113728
1 118570
3 118570
1 116413
2 113014
3 115058
1 124118
1 116790
1 116790
1 126110
1 125454
1 113668
2 117491
1 117531
1 125175
2 112761
1 113012
1 113147
1 116927
1 113464
1 113031
1 113464
1 115116
1 113055
2 113020
1 113013
1 125273
1 113020
1 115102
2 112710
1 113021
1 122329
1 116725
1 118332
1 117807
1 116513
1 113013
2 114317
1 123249
1 112996
1 115504
2 113014
1 117038
2 121555
1 112889
1 115654
1 113020
1 114063
1 124482
1 115300
2 113103
1 115606
1 123548
2 114152
1 116430
1 113014
1 116139
4 113094
3 113094
1 113147
1 113021
1 113728
3 124118
1 124142
1 112882
1 115521
1 113014
1 113335
1 117333
3 113023
1 113004
1 115497
1 113530
1 113080
1 118404
1 118444
2 118444
4 113094
1 113055
3 113247
3 113617
1 113139
3 113135
1 115665
1 113150
1 124359
1 118015
1 116761
1 113109
1 113558
1 112852
1 113230
2 113080
2 112820
1 118066
2 125178
2 113158
1 125248
1 121743
1 125665
1 113279
1 125014
1 121648
1 122439
1 113876
1 125907
1 113070
1 125087
2 120596
1 115346
2 123937
1 123937
2 125237
2 125158
1 123821
1 124139
2 113149
1 113558
2 116442
1 123171
2 113988
1 118481
2 125158
1 113558
1 112882
1 118500
1 119087
1 125799
1 113232
6 113727
2 125686
1 113295
1 118550
1 118413
2 125293
1 115682
1 118715
1 113147
1 113147
1 119139
1 116829
3 121140
3 120128
1 118633
4 125458
1 112725
2 115642
2 113053
1 114670
2 124725
1 113673
1 113727
2 113149
4 116298
1 115758
1 114562
1 125685
1 113988
1 126247
1 125734
1 113149
1 118398
2 115522
1 125293
1 113726
2 113496
2 113558
2 125527
1 125944
1 113053
1 113442
1 120180
1 121129
1 116100
1 113726
1 113149
2 113149
2 113691
1 113149
1 113691
1 113558
1 115504
1 113337
1 122921
1 113015
1 113021
1 117180
1 113442
1 124604
1 113149
2 114932
2 113453
1 124870
1 118713
1 125293
1 113460
2 113093
1 113499
2 113507
1 113049
1 113227
1 115393
1 113485
1 113499
6 113499
2 113499
3 124694
1 113727
1 125253
1 125487
2 118163
3 116611
1 116611
1 118474
1 114098
1 115600
1 125293
1 122722
1 113011
1 122672
1 126099
1 122601
1 125561
1 122368
1 115161
1 120179
1 116103
1 115443
1 122408
1 124532
1 124926
1 120442
18 115346
1 117433
1 124118
2 125248
1 125226
1 113516
3 118571
2 118571
2 118571
1 125670
1 113558
1 115646
1 122463
1 113453
1 113534
1 115072
1 123668
2 114910
1 115504
1 113442
1 124694
1 116502
1 113070
1 118606
1 115894
1 116680
1 118518
2 118518
1 116851
1 113350
1 125248
1 116851
1 117146
1 123328
1 118465
1 115034
2 113424
1 112763
1 113537
1 115420
1 112677
1 113195
1 115722
1 113137
1 123716
1 113195
2 113564
1 113070
3 113055
1 113020
1 114685
1 123548
1 118394
2 118567
1 118567
1 122798
1 113479
1 119000
1 112786
1 113055
1 113020
1 115402
1 113070
1 125293
2 118212
1 125616
1 113031
1 115670
1 113479
1 113540
1 113735
1 116055
1 116842
1 114830
1 113327
1 116853
1 118334
1 114652
1 115564
3 118334
1 112899
1 115543
1 113014
1 114412
2 113248
2 125137
1 118372
1 122805
1 123159
3 123159
3 123159
1 123159
1 123159
1 113248
1 120175
1 118395
1 113459
3 113248
5 113109
9 113453
2 125856
2 125856
1 125856
1 124776
1 124870
2 113080
1 116965
1 119212
1 112888
1 113296
1 113565
1 125204
4 113460
1 119087
1 126089
1 115474
1 117411
1 118323
1 116810
1 112794
1 125309
1 125301
1 113167
2 115664
1 118465
1 116814
1 125226
1 118392
2 117534
1 118518
5 118518
2 118518
1 118739
1 113190
1 123427
1 113651
1 116839
1 125201
1 113449
1 123443
1 118652
1 115982
1 113119
4 125487
1 114417
1 117146
1 113155
2 113027
2 115765
2 113027
1 125163
1 118652
2 122601
1 125665
2 112661
1 113617
4 113080
2 115750
1 118652
1 118652
1 113155
2 125176
1 122948
1 122290
1 123443
2 123443
2 125285
1 125163
2 113441
1 115575
1 121192
3 122339
1 118447
1 120175
3 125863
1 125944
1 124870
1 125863
2 113293
2 113379
2 124802
1 125242
1 125176
1 113084
9 113090
1 113942
2 112703
1 115553
1 113023
2 112730
1 115682
8 113023
1 124387
1 113471
1 120385
1 113470
1 113262
1 115585
1 113382
1 113296
1 125595
1 113080
1 113148
1 114849
1 114917
2 115846
3 114273
1 114273
1 114273
1 114273
1 118726
2 113558
1 113558
1 118447
1 116793
2 113159
1 113650
1 119000
5 113668
1 113147
5 116292
1 116293
1 115635
1 116725
2 112859
1 118223
4 118212
1 125664
3 113670
1 124390
1 113931
1 121351
1 124497
1 124497
4 118855
1 118855
5 115917
1 115917
2 115917
1 115917
1 125745
1 116690
3 116791
5 116791
1 116791
1 116791
1 123443
1 116791
1 112698
1 117932
1 114611
1 124432
2 120654
1 120654
1 120654
1 125248
8 112660
1 113012
1 125344
1 125344
1 113558
1 113013
1 123498
1 113926
1 118571
2 118455
1 112763
2 113473
2 113023
1 118413
1 121439
1 120211
1 120215
1 113573
1 114291
1 112707
1 115665
3 113422
1 118486
1 114863
1 112832
1 115538
6 113063
1 118655
2 114157
1 123346
1 116749
1 116791
1 116712
2 114719
1 114562
1 113175
1 115037
1 113226
1 125616
1 116546
1 113549
1 113070
1 113055
2 113020
1 113258
1 114432
1 113262
1 125275
2 113262
2 115009
2 113543
1 114784
1 124118
1 113139
1 112698
1 125487
1 116388
1 114705
2 123510
1 125432
1 126182
1 113143
1 125640
1 114562
2 125201
5 113161
1 114057
1 125671
1 113901
2 123762
1 113443
2 113746
1 122513
1 113479
1 124926
1 112750
1 115502
2 117508
1 113020
1 125537
1 113161
1 125794
1 125834
1 125296
1 125482
1 125576
1 124955
1 123612
1 113232
1 119246
3 117337
1 124127
1 114143
9 113624
1 124180
1 125315
3 114819
2 120834
1 120834
1 120834
1 114910
1 123433
1 113527
1 114819
2 113536
1 113691
1 115752
1 112677
1 113055
1 125512
1 116742
1 125248
1 112850
1 113167
1 113014
1 113013
1 116503
1 115872
1 112744
1 122386
2 114143
1 115738
1 115738
1 113355
2 115761
1 115738
1 117326
1 125256
1 112663
2 113079
1 113371
1 116694
1 115771
1 117027
1 116965
1 113328
1 113011
1 117403
1 125778
1 125317
1 122066
2 113070
1 118553
5 112727
1 123102
1 125540
1 122364
1 125293
1 124767
1 113250
1 124139
1 119087
1 116164
1 118718
1 118398
1 123460
2 118384
3 126004
1 124973
1 126004
1 113496
1 116706
1 113728
1 116713
1 125888
2 125874
1 125749
1 118652
1 120181
1 125715
1 116216
1 125588
1 121334
1 122166
1 125525
1 125494
1 113149
1 124546
1 114401
1 114780
1 125944
2 115670
1 115898
1 125254
1 112959
1 115531
1 113080
2 116881
1 125597
1 119230
2 113482
1 119087
2 125433
1 125731
1 125472
1 125473
1 124802
1 116967
2 125616
1 125248
1 115414
1 119100
1 119765
1 121754
1 119592
1 115165
5 113617
1 118627
3 113195
3 113195
1 125237
4 117866
3 117866
3 117866
2 117866
1 117866
1 118603
1 113617
1 116837
1 113617
1 120149
1 113276
1 118398
1 120179
1 113357
1 113445
1 122426
1 123589
1 115236
1 123654
2 118544
1 125528
1 119163
1 126145
1 118525
1 123443
1 112859
1 118718
1 125414
1 119689
1 126182
1 124926
1 116296
1 123460
2 113011
1 125525
1 119087
1 113496
1 116717
1 119247
1 125493
1 113345
3 125315
1 113049
1 115423
3 113023
1 117467
1 125320
2 124980
2 113093
2 112720
1 115526
1 123665
1 120047
1 123418
1 113014
1 124990
1 116534
1 114166
1 113382
1 124802
2 124802
1 124802
2 125239
1 113519
1 116362
1 125311
2 115462
1 113728
1 123460
1 113020
1 125731
1 116960
1 118567
1 116528
1 114734
2 113446
1 113119
1 126322
2 115341
1 115341
1 123232
2 113422
2 115840
1 115833
1 113137
1 112832
1 123548
1 125109
2 125195
1 113155
1 125768
1 113322
1 125558
2 118379
1 125768
1 118364
4 117422
1 113551
1 123566
1 115881
2 113049
1 122649
1 117095
3 114310
3 123699
1 123699
1 123699
1 114310
1 123699
1 118118
1 113352
2 117217
1 125787
1 124870
1 119255
1 113119
1 113453
1 112660
1 113149
1 113149
1 115504
2 125325
1 118752
1 113161
1 118612
1 115687
1 113453
1 113453
1 113453
1 118748
1 118631
1 115894
1 118631
1 113453
3 124802
2 113149
1 113014
1 113469
2 119428
2 119428
1 113558
1 112859
2 115687
2 113149
1 125863
1 124870
1 115687
1 118060
1 125073
1 113023
1 119657
1 115461
2 125863
1 113459
1 113691
1 116879
3 113522
1 125311
3 113149
1 116100
3 113453
4 113558
1 122290
1 124870
1 124870
1 125863
1 113459
1 115414
1 124485
1 112661
1 113092
1 115747
1 113139
1 114915
3 119900
1 125588
7 120979
2 115422
1 113453
4 112899
1 115475
1 113691
1 113558
1 113558
1 113558
2 113149
1 113149
1 124694
1 125296
1 117153
3 113558
1 115458
1 114296
1 125834
4 113453
1 114934
4 114012
1 118060
1 114485
1 113149
2 113149
1 116272
2 115520
1 124694
2 113149
1 115664
1 113124
1 125433
1 113226
1 112694
1 113149
1 122432
1 113124
1 124855
1 115274
1 113142
1 113691
1 122777
1 125863
1 113348
1 113145
1 118571
1 114401
2 113558
1 113149
1 114654
1 113558
1 125505
1 113442
1 116341
1 113079
1 113149
1 113197
1 113575
1 123453
1 118168
2 125274
2 113691
1 113558
1 124383
2 112809
3 113352
3 113348
7 113149
1 113691
1 113558
1 122459
2 113167
1 113553
6 113553
1 123998
4 113293
2 125315
1 116728
1 119309
4 119311
1 119309
1 119309
8 119309
3 119309
1 119309
1 119596
1 118392
1 121299
4 120223
1 113276
2 125987
1 113700
2 125285
1 118461
2 115673
2 115098
2 125276
1 113515
1 113515
2 112678
1 115649
1 113055
2 114731
1 114736
1 113232
1 113232
1 124802
2 125296
1 114432
1 113017
1 113221
2 125296
1 115522
1 113135
1 118344
1 113011
1 125487
1 113350
1 116845
1 115515
1 113668
1 113049
1 126120
1 118385
1 113017
1 114094
1 125710
1 113459
20 113700
2 124118
2 113648
3 125315
1 125315
1 121439
1 121550
1 119660
4 120251
6 120251
1 120251
1 115171
1 118750
1 113119
1 115112
1 115791
1 120125
3 124905
1 121446
1 120131
1 121148
1 125476
1 123443
2 113074
1 113074
1 123460
1 125700
1 113023
1 123460
1 123460
2 113189
1 113020
1 113553
1 118569
1 113143
2 114562
1 118652
24 113020
9 113119
1 116850
1 119255
1 121252
1 113119
1 125331
1 117525
2 118392
3 118760
1 118760
3 118481
2 118498
1 125927
1 113023
1 113296
2 113296
1 116627
2 113648
1 116795
4 119157
1 114132
1 113080
2 114132
1 114132
1 121923
1 118446
1 125414
1 121439
1 125624
1 123443
1 113668
1 113288
1 125487
1 113657
1 113049
1 113049
1 123460
1 118506
1 118459
2 125156
1 118396
1 113053
2 113053
1 113053
2 113053
1 126271
1 113092
1 113090
1 117706
1 125664
1 123215
2 113158
8 123422
3 115721
3 117654
1 117654
1 117654
1 117654
1 117654
1 117654
1 113536
2 113650
1 123460
1 125944
1 114350
2 113261
10 113668
2 124980
4 123417
1 118748
1 125315
1 125315
3 113668
4 125845
2 113668
1 113021
1 113021
3 125944
2 125874
8 125944
8 125944
2 125874
4 125944
4 125944
2 125944
1 125944
1 116920
6 117786
1 125944
1 117786
1 117786
1 125969
1 112822
1 113021
1 117708
1 116688
1 113248
1 121703
1 121703
1 121703
1 113063
1 113188
3 113343
1 118453
1 114098
1 116268
3 117425
3 117425
1 117425
1 115979
1 118595
1 114057
2 125616
2 115628
1 118387
5 113021
7 113021
2 123422
1 123612
1 113747
3 113691
5 115606
2 113159
1 125769
1 117238
1 119426
1 126099
1 123422
1 123460
1 125484
1 112678
1 113573
1 113343
1 118366
1 113049
1 113319
1 125776
1 113040
1 113595
2 113459
2 121092
1 112730
2 113296
1 121092
4 112677
7 126079
1 113158
2 126080
1 115004
2 125153
1 126095
1 126079
1 126080
1 121830
1 126085
1 126080
1 115653
1 121802
1 124495
1 124495
1 126095
1 113198
1 120364
2 126089
1 124668
1 115531
1 116050
1 113349
1 112882
1 113650
1 125185
1 124976
1 115346
1 116885
1 117408
1 125226
1 119128
1 118470
2 125244
1 126201
1 113470
1 113575
2 117080
3 115496
1 121872
1 119485
1 121872
1 123498
1 119485
1 112741
5 115549
1 112797
1 112797
1 125653
3 112797
1 125320
1 113455
9 120042
1 120042
2 120042
2 120052
1 120042
1 116864
3 113090
1 123368
3 123534
1 123534
1 116712
1 113263
2 116749
1 113446
1 125834
1 112797
2 118465
8 122172
1 113198
3 122147
1 122147
1 118964
1 113045
1 114296
1 114086
3 114086
5 114086
1 114086
1 114086
1 118212
2 125487
2 112725
3 112726
1 113653
2 113654
1 125889
1 114334
2 125877
1 112726
1 124137
1 125235
1 113268
1 126173
1 113537
1 113143
2 116010
3 117216
1 116010
1 125820
1 114049
2 121088
1 121138
4 121088
2 121088
1 121088
1 125215
1 113933
1 125616
1 113013
4 113293
2 125082
2 113159
1 118686
1 121704
1 121704
1 121704
3 116293
20 121089
1 121089
4 121089
1 121089
2 118488
1 116668
2 113161
1 123354
2 118474
2 125661
1 113045
4 113345
1 113343
1 123998
1 113023
1 113343
3 113296
2 125293
1 113343
2 113343
1 113343
1 116341
1 113343
1 113343
1 125566
1 117613
3 113691
1 125830
5 113558
1 125835
13 113986
3 113986
4 113986
1 113986
1 117517
1 113288
1 113145
1 118413
3 125956
1 125956
2 114562
1 125774
1 125274
1 113352
1 115296
1 115623
1 113095
1 125769
4 125293
1 113274
1 125293
1 116820
1 125613
1 115936
1 125778
1 116971
1 112670
1 116296
1 112761
1 115682
3 113137
1 116691
3 116970
1 116969
1 116979
1 116971
1 116974
1 116969
3 116969
4 116969
1 116969
1 116969
1 116969
3 122205
1 122206
3 122206
1 122206
1 118348
1 122206
1 113866
3 116938
2 113575
7 118560
3 125215
8 123943
1 113254
5 123943
1 123943
1 113189
1 122289
1 125136
1 113355
1 125129
1 118481
5 113608
1 121151
1 117358
1 114146
3 114871
1 114871
3 116795
1 113021
3 123504
1 124989
3 125819
2 125293
1 116842
2 122554
1 115462
1 117511
1 113453
1 122459
2 116748
2 115637
1 113553
3 116042
1 125576
4 123179
1 115341
1 123504
2 113727
1 125789
1 114654
1 115034
2 118449
3 112989
1 125898
1 117407
1 126031
1 114465
1 118569
4 118767
1 125253
1 112882
6 112882
4 113661
1 122001
1 113919
1 113608
1 116971
1 116053
4 118502
3 118502
2 113260
2 113352
1 113448
1 115290
2 124992
1 121816
1 125506
1 123812
2 116100
1 122329
1 122329
1 113553
1 118670
1 124980
1 115634
2 118569
1 123654
38 118385
1 123460
1 113296
1 125471
1 113360
1 126120
1 113296
1 124908
1 124924
1 113145
2 118622
2 117738
1 123460
3 120021
1 113988
2 113021
4 113021
2 113453
1 125484
1 120789
1 123937
1 113049
1 118609
1 125178
1 125044
2 113045
1 125487
1 123460
1 116244
1 123512
1 116003
1 116054
1 125239
2 113017
1 123526
1 112912
1 112676
1 113055
1 121161
1 125624
4 114713
2 114713
3 113040
1 113790
1 124779
1 113063
1 113049
1 113049
2 118372
1 113617
1 113645
1 119938
1 113617
1 115061
1 115061
1 115061
1 119938
2 124642
1 124642
1 115061
1 119939
1 113124
1 122612
1 113790
2 116965
1 112852
1 115504
1 125200
2 113454
3 121205
1 116627
1 115575
1 113422
1 113274
1 119938
3 113343
1 118168
1 112882
1 125397
2 122280
1 118636
1 114315
5 113700
1 118669
1 113700
1 114463
1 125477
1 113240
1 114759
1 121092
2 113163
1 125464
4 113446
1 122272
2 116748
1 116748
1 116168
1 119578
1 116711
2 112763
5 115665
4 116676
1 116676
1 123243
1 113250
1 115478
1 116265
1 116265
2 123443
1 113726
1 113367
1 118626
9 116265
1 116265
1 121676
1 121676
1 121676
1 123826
1 115521
1 125433
1 123460
2 116230
2 113049
1 125293
3 113558
1 116230
6 117189
1 117189
1 117189
1 113424
2 113087
1 113013
2 113087
1 125578
2 117521
1 113564
1 118452
1 113500
1 121138
1 116711
1 116984
1 116990
1 116990
2 116984
3 112903
1 113357
2 112903
1 119257
1 123316
1 114057
1 116985
1 119272
1 125665
1 125237
1 113357
1 123443
1 115721
6 125985
3 125985
1 125985
1 117828
1 117828
1 117828
1 122400
1 117828
1 117828
2 112996
5 119107
3 119100
3 119100
4 119100
1 119100
3 113967
1 113967
1 113967
1 115984
1 125483
1 113967
1 125537
1 113613
1 116409
1 113664
1 113664
1 112882
1 125297
1 113624
1 113424
2 124980
1 118348
1 118582
2 125665
1 113028
1 113149
5 113015
1 113326
2 123443
2 113352
1 113624
2 113015
1 113015
2 113195
3 119087
1 113560
1 115761
1 118413
1 113109
1 115510
1 116928
1 125068
1 123159
2 113080
2 113188
3 123416
1 116203
1 120267
1 113020
2 126039
2 113147
1 113014
1 113522
1 112772
2 118474
1 125290
1 116633
1 113553
1 112716
4 113343
1 113348
1 113161
1 113540
1 123427
1 113020
2 125130
4 119887
1 123453
1 125097
1 115739
1 117531
1 113427
1 118652
1 118652
1 123038
3 113491
2 113348
2 124976
1 125503
1 124259
1 125505
1 113149
1 124485
4 125187
3 118400
1 125187
1 113167
1 113049
2 113322
1 115635
1 116820
1 125179
3 113149
1 113530
1 125293
2 113095
2 113726
1 125487
1 125487
1 118902
5 121091
12 121091
3 121091
1 118587
1 120177
1 113109
2 116035
1 118368
1 118368
1 118563
1 119087
1 125011
7 115866
3 115866
2 115866
1 115866
1 113147
1 113222
1 113463
1 115840
37 125517
1 123460
3 125315
1 125315
3 112724
1 112724
1 112729
4 112724
1 116627
1 123443
1 124982
1 118652
2 125571
1 125799
3 125799
8 125799
1 125799
3 125799
1 125799
1 113167
1 115504
1 113226
1 123450
1 119242
1 125311
1 123479
1 118500
1 123443
1 125458
1 113445
1 113143
1 117388
1 122425
2 114137
1 113348
1 113028
2 116296
1 126247
1 116926
1 115060
1 115672
1 118568
2 116994
1 116994
6 116995
6 116994
1 116994
1 116994
7 116994
1 116294
1 116294
3 116294
1 116294
1 126111
1 117094
1 116994
1 116994
1 116994
1 116994
1 116994
2 116995
1 116296
1 116296
1 116296
1 126109
1 116296
1 116298
1 116296
1 116296
1 116298
2 112727
1 115756
1 115137
3 115037
1 116296
6 113017
1 113143
1 113049
1 113292
1 113070
1 113020
2 118582
1 113020
1 125118
1 125544
1 125544
1 125544
1 116373
1 118212
1 125807
1 122304
1 115478
4 114151
1 114151
1 124955
1 117568
1 112678
1 117742
1 113217
1 114238
2 115840
1 118901
2 124971
1 124971
3 118901
2 118901
1 118901
1 123443
3 113457
2 125458
5 125456
1 125456
3 125456
1 125456
1 125456
2 113451
3 113349
1 119242
1 116404
6 124806
8 124806
5 124806
1 124806
4 115431
2 115431
3 115431
1 115431
1 113202
2 117889
4 116509
2 126103
5 125457
1 125457
1 125457
1 125457
1 125457
3 117989
3 122563
3 122563
1 122563
1 116509
3 125522
1 125522
1 123316
1 112805
1 115504
3 113666
1 117531
1 112791
3 114319
1 114319
1 112924
1 121135
1 113149
1 113055
1 125248
1 112832
1 115840
1 113100
1 115675
1 125635
1 113564
1 123384
2 123431
2 125517
1 116994
1 112832
2 115522
1 123688
1 122369
1 115522
1 115522
1 123688
1 113054
1 114056
1 113066
1 112924
1 113728
1 113728
1 113109
1 115695
1 118372
1 114921
2 115732
1 113645
1 115532
3 124659
1 124659
1 113124
1 118465
1 118518
2 114611
1 119367
2 115155
1 125019
1 125294
1 112768
1 115580
5 112807
1 112807
1 118927
1 113536
1 113536
6 125487
1 116998
1 117105
1 113158
1 113727
1 113445
1 118272
3 113345
3 113045
1 125481
1 124802
2 124802
2 125731
1 113049
1 112924
1 125235
1 118055
3 118525
1 123133
1 118563
1 112786
1 124933
3 113453
3 114057
2 117866
1 117867
1 117867
1 125090
3 125678
1 125678
5 125678
7 125678
1 125677
1 125678
1 112703
1 113012
5 113014
1 116035
2 113558
1 125196
1 116706
1 125583
1 112952
1 125200
1 125577
1 116820
2 125371
1 122871
1 117841
1 125569
1 125487
1 122263
1 119087
1 125864
2 113245
1 113080
1 118477
2 118477
1 125664
1 113095
1 113143
1 115720
1 113093
1 125220
1 123526
1 113727
1 113442
1 113288
1 116451
1 116810
2 123468
1 125655
1 113352
1 116810
1 114417
1 113471
1 112707
1 115553
1 125944
1 113157
1 116863
5 117544
1 123957
1 112989
1 116100
4 113319
1 125248
2 113459
2 115982
1 122339
1 118500
1 120036
1 116534
1 117544
1 114978
1 125712
1 113650
2 125450
2 118453
5 118451
2 118451
2 118451
2 119720
1 114795
3 114792
3 119194
1 114792
1 119194
1 118621
1 113449
1 113726
1 118446
3 118444
1 118444
6 118444
1 117701
1 119160
1 125307
1 113727
1 123417
1 125665
1 118348
1 113379
1 113310
3 117122
1 117122
1 117122
1 118759
1 114920
1 123417
1 114316
2 119506
1 126125
1 119506
3 126125
1 119506
1 116748
3 117889
3 117889
1 117889
1 116861
1 125325
1 113167
1 116059
3 116050
4 116050
1 116050
1 116341
1 115373
2 113669
1 123998
1 113530
1 113443
2 113307
1 119391
1 120181
5 117276
1 117276
1 117276
1 117276
1 117276
1 117276
2 113274
1 126090
1 125665
1 114232
1 113159
1 116394
1 113084
1 113536
1 113014
1 125009
1 115485
1 113935
2 116749
1 122593
1 113070
1 113020
1 113310
1 113445
1 125309
1 124977
1 113274
1 113778
1 116166
1 116166
1 117927
1 113293
1 116408
1 122478
2 116969
1 117027
8 117027
1 117027
1 117027
1 117027
1 117027
3 117028
1 116974
1 117027
1 117027
2 117028
1 117027
2 124351
2 120095
1 125578
1 112882
1 112882
7 113343
7 113248
1 124514
1 125801
3 117722
1 125801
1 122042
2 113137
1 124982
1 112882
1 120184
2 117534
1 125801
1 117407
2 113700
1 113700
1 117722
1 124908
19 113700
1 113700
1 121092
2 118644
2 118699
5 118699
1 121092
1 118699
1 114068
1 113700
1 116442
1 115814
1 115940
2 117941
2 115814
1 113700
1 113145
1 113245
2 124546
1 125768
2 124972
1 124972
1 124972
1 117829
6 113189
2 125487
2 118395
1 123391
1 117829
1 117829
1 116203
1 120042
1 124142
1 117600
1 122414
1 113445
2 125274
1 125315
1 113453
1 125661
1 118396
1 115898
8 125253
1 124870
1 120116
1 120116
1 116053
1 114037
2 126245
1 124533
5 124533
19 124533
3 124533
2 124533
2 124533
1 124533
1 124533
2 119255
3 117604
1 124259
1 114934
5 122339
1 112786
3 112798
1 113175
2 113053
1 113624
9 114673
17 126079
1 126079
1 126079
1 126084
3 114673
1 126079
1 114673
3 126079
1 113454
2 117529
1 115634
1 118571
1 112798
1 116868
2 113352
1 113075
1 118537
2 118423
2 113295
3 123013
1 123013
1 112861
1 115586
1 113884
1 118353
1 113013
1 113515
1 119574
1 124490
1 112705
1 113070
1 113023
1 113049
1 125242
2 117522
1 118644
3 118563
2 125487
1 115712
1 113004
1 125163
53 118477
6 118477
3 118477
1 125248
1 113045
1 117827
2 113226
1 113259
1 121548
1 118477
1 118477
1 112682
2 113442
1 113109
1 123464
1 113274
1 126084
1 113482
1 113070
1 124983
2 113049
4 118488
1 113231
1 118385
1 113153
1 114124
5 118111
1 121311
1 121311
2 114233
1 115646
1 124482
1 113661
2 124482
1 114226
2 116296
1 114152
5 114152
2 114152
1 114152
1 113422
1 113080
2 126087
1 119087
1 113031
1 113020
2 125242
1 123612
2 125137
1 125195
1 118230
5 122118
3 122118
1 122118
1 114152
1 118558
1 113522
1 116933
1 117456
1 115747
3 117358
1 118669
1 117534
1 117358
1 113302
1 115586
4 113226
1 125083
2 118058
1 113163
4 113441
2 113135
1 126331
1 113063
1 112678
1 112946
1 113063
1 125494
1 113491
2 125429
1 123464
1 125429
1 118450
1 114860
1 117999
2 115670
1 113575
2 116762
7 120656
3 120656
2 120656
1 120656
1 118395
1 116319
1 113116
1 116864
2 115443
3 113248
1 118646
1 117721
1 116717
1 125536
2 114379
1 113783
1 124934
2 113158
1 120194
7 123740
3 123740
2 118773
3 114017
1 117403
1 114017
1 123740
1 120108
1 120301
1 120301
1 120301
25 113319
2 113422
1 124992
2 124693
1 125517
2 125586
1 113371
1 125013
1 122287
1 118375
2 123343
1 112805
1 115303
1 116282
1 115443
5 115726
1 118450
1 117992
4 115726
1 125571
1 125320
2 113274
1 113040
4 113319
1 125086
3 119059
1 119720
1 119720
1 119720
1 118212
1 119367
1 113032
1 113553
1 113063
2 121205
1 113454
2 125795
1 112857
2 113183
1 115541
2 124172
1 118413
1 113660
2 112770
2 112770
2 125487
1 125616
1 125616
1 116864
5 125863
8 124450
1 124450
1 113553
1 125787
2 114557
4 125978
1 125978
1 116386
2 123612
1 123443
1 125487
1 116144
1 113020
1 113070
1 113422
1 115726
1 112670
1 115588
4 113080
1 113422
1 119000
2 117183
1 125597
1 113143
5 113119
3 126042
1 116442
1 113070
1 116100
1 113100
1 113183
5 113231
2 113231
4 113231
2 113231
1 126192
1 113070
1 113231
4 113028
8 122480
3 122480
1 122480
2 113231
1 113231
1 113231
1 113250
29 121131
4 121131
1 118525
1 118525
2 112693
2 115474
2 113296
1 121205
1 120472
1 118514
2 113295
2 113485
1 116489
1 125659
7 125659
1 125659
1 118079
1 125159
1 115276
1 125274
1 125435
1 113496
1 125293
1 113094
1 113343
3 113020
1 113143
1 113013
1 115328
1 126087
1 113020
1 119634
3 118240
1 123460
3 118569
1 113355
1 123603
1 125487
1 125447
2 117495
2 125436
1 125436
2 116948
5 125436
1 117570
1 125436
1 113274
1 118392
1 113897
1 125537
1 113230
1 113116
1 125529
1 116919
1 113222
1 125487
1 118568
1 117231
1 118451
8 118514
1 118514
1 118514
1 112786
1 118765
2 112784
1 126084
1 113482
1 124960
1 117980
3 113350
1 113645
4 113460
1 125242
1 113691
1 125035
1 113197
1 115856
1 120184
1 120024
1 116850
3 113624
1 125158
1 125484
4 113080
1 113180
1 113153
1 112770
1 115526
1 115746
1 113700
1 118344
1 113442
2 121211
1 124488
1 118497
1 118497
1 116303
1 118551
1 118551
2 113183
3 115766
1 114401
1 113183
2 116851
1 115766
1 113387
1 116879
1 116785
1 116785
2 112832
1 115497
1 112786
2 115583
1 113137
3 113379
2 125226
3 113558
1 126015
1 113763
1 123548
2 118717
1 125299
1 122478
1 116245
1 112663
2 113135
1 113153
1 112662
2 116267
1 113053
2 113966
1 114537
1 113264
1 116244
1 125944
1 112660
1 113092
1 125084
1 124730
1 125293
1 114294
1 114294
1 114719
1 122209
1 122209
1 112661
1 113443
1 113735
1 113135
1 125710
1 123217
1 113783
1 125277
1 116870
2 116880
1 116870
1 113443
1 113359
1 115341
3 115522
1 115538
1 124446
1 116668
1 119087
1 113359
1 125371
1 119302
1 112899
3 123324
2 124365
1 115173
1 125012
1 116001
1 116098
1 115907
2 112972
1 122275
1 122275
1 113153
1 113558
1 114557
1 113452
1 125768
1 113348
1 116397
10 114703
3 114703
1 114703
1 113691
1 113691
1 116849
1 125481
2 116934
2 118423
2 125320
1 125320
2 113231
1 125998
1 125998
1 125960
1 124098
1 117238
1 118688
8 118659
3 118659
1 118659
1 118459
1 113575
1 123703
9 116751
3 125301
2 116751
1 116086
1 116100
2 113167
1 117668
1 116541
1 116921
2 113198
4 125944
2 118272
2 115547
1 113023
1 125731
2 114562
1 116785
6 113609
1 116811
1 116811
1 124737
2 124737
4 124737
1 115974
3 114562
1 125129
2 123998
1 125571
2 113109
1 115490
1 115856
1 113348
1 118544
1 118544
1 118552
1 118552
1 116728
1 125320
2 118400
1 114077
1 115532
1 113445
1 114932
1 113175
1 115475
2 125248
1 115810
1 113292
17 114313
7 114313
1 114313
2 125332
6 114313
13 114313
1 114313
1 114313
1 118970
1 116326
1 120284
1 113161
1 117866
1 115354
1 125795
1 123255
1 114313
2 118212
1 113673
9 118212
1 118212
1 113551
1 120203
1 113274
1 125787
1 120599
1 120599
1 120599
1 118392
1 113352
1 112692
1 114314
2 124976
7 115785
1 115655
3 122211
1 114118
2 126104
1 113020
2 126104
1 115867
1 115785
1 125489
1 116879
1 116404
1 113536
1 116307
1 126089
1 122337
1 113619
2 113149
1 113459
1 116749
2 116747
1 116851
1 121793
9 116503
1 116944
2 121147
1 115151
1 121095
2 118622
2 125471
1 116165
1 125293
1 113744
1 125185
1 113527
2 125118
1 115952
2 118832
1 113728
8 125293
1 113673
1 118212
2 124573
1 124602
1 118497
1 125209
1 112670
1 115478
4 113453
1 123998
2 123433
1 113155
6 115037
1 113735
1 113161
1 125244
1 116851
1 113763
1 115646
1 113250
1 125035
1 116920
1 118234
2 125487
1 113274
1 114755
4 113143
1 113049
10 122517
3 122517
1 122517
1 118449
4 113443
1 113443
3 122371
1 122371
1 125505
1 113021
1 118377
1 113619
2 125616
1 121061
1 122371
1 122371
2 124754
1 115089
1 119815
1 121334
1 113570
1 112946
1 113021
1 113137
2 123316
1 123248
4 123248
1 113020
1 116799
1 116503
2 116267
1 113343
1 123998
2 125487
2 113357
1 113499
1 124485
2 113645
1 119954
1 113276
2 116749
1 112989
1 115543
1 122627
4 113295
1 113198
1 119359
1 113609
1 125707
1 113063
1 114251
1 114463
1 113226
1 113509
1 113669
1 125499
1 113509
1 113049
1 113124
1 113302
1 118090
1 113668
1 115422
1 113482
2 114417
1 120162
2 116883
1 123427
5 126015
7 117407
1 116356
1 113448
2 125315
1 113250
6 113249
1 125272
1 116850
1 124479
1 123491
1 118060
2 118444
2 120172
1 120194
1 120194
1 120194
1 118665
5 120172
1 120194
1 120117
3 120116
11 120117
6 120117
2 120117
1 120117
1 118546
6 113149
2 118525
4 113054
1 118447
2 120117
1 122518
1 125731
2 125960
1 125942
2 125944
1 122212
1 116863
1 116340
1 123233
1 112858
4 115783
2 113558
2 116547
1 113145
1 120160
1 114847
1 113195
1 116357
2 113175
2 112703
1 115488
1 116956
1 112703
1 116718
1 120965
1 117827
5 125035
5 125341
1 125259
3 125259
5 125259
1 125259
1 113020
1 116717
1 122988
1 114537
1 116787
1 123443
1 117407
1 118686
1 113147
1 125870
1 125400
1 113147
1 113350
1 113350
1 125320
6 115815
3 115815
1 115815
1 123343
3 113453
1 116475
1 116541
1 118479
4 118212
1 124566
1 124142
2 113017
2 113988
1 115686
2 116851
1 123460
1 113013
1 123443
1 123460
1 125870
1 123516
1 113183
1 118683
1 113094
2 115586
3 113619
1 113634
1 113049
1 113624
1 112730
2 113049
1 113448
1 112952
1 113021
1 113013
1 113664
1 113183
1 113167
1 113518
1 112791
1 113345
2 123612
1 113515
2 113021
1 113055
1 113518
1 119000
1 113549
1 113988
1 113942
5 113942
1 113942
4 113942
1 113942
7 118496
1 125315
1 113017
1 113017
1 123920
1 118475
1 113070
2 125883
1 126089
1 125320
1 123433
1 113654
8 114057
1 116717
1 113560
7 125315
1 115860
2 116073
4 124375
1 116864
1 113442
1 125250
4 113159
1 117610
1 119386
1 116880
1 125872
1 113070
1 113147
4 118392
1 125293
1 114735
2 118385
1 113180
1 118524
1 118524
1 113180
1 123548
1 113575
1 118524
1 118520
2 116713
1 126054
1 113147
1 113453
1 113145
1 115776
15 125494
1 112882
1 125494
1 123389
1 113135
1 115634
1 113124
2 122983
1 113180
1 113735
1 112677
1 115475
1 113063
3 114406
1 115173
1 113691
1 115173
1 115173
1 115173
4 113197
6 115173
1 115173
1 113109
1 118017
1 118017
1 115637
1 115443
1 113054
3 118017
1 114037
1 115541
8 124366
1 116080
1 113161
1 115173
2 122459
2 113558
1 118734
1 118372
1 112889
1 113070
8 113090
1 124432
1 118697
1 113152
1 114164
1 113183
2 125104
5 116688
1 126308
4 126308
2 126308
1 126308
3 126308
1 126308
1 124873
1 114849
1 114439
3 114914
1 114914
1 124950
1 114914
1 118348
3 113645
1 117531
2 118629
1 115034
1 115540
1 118415
1 125012
1 113148
2 119000
1 124939
1 119266
1 113109
7 113021
5 113445
3 115012
1 122899
1 125176
1 122899
2 113834
2 113471
6 113727
1 120921
1 116413
1 113180
1 115721
1 113726
2 123446
4 113726
1 112959
1 118475
1 123450
1 112667
1 115535
1 120118
2 113013
1 120178
2 120118
5 120118
1 113137
1 114296
1 118475
2 115646
1 113522
1 113595
5 115748
2 114441
1 116756
1 124807
1 119358
2 114439
1 114439
1 114439
1 116068
1 125825
2 124807
1 124807
2 125735
1 125734
1 125735
1 125735
3 112920
2 114439
1 112920
1 116810
2 125784
2 118372
1 112848
1 112668
2 112989
1 116169
1 116169
1 124925
1 113158
1 123460
3 113080
1 125710
1 124324
1 113933
2 118614
1 113579
1 122088
1 113586
1 125640
3 118372
1 112838
1 118018
1 112678
1 125267
1 125515
1 112664
2 115471
1 125940
1 113063
1 113900
1 113232
1 113900
1 113453
1 118447
2 120146
2 117865
2 112970
1 113143
1 113345
1 113609
1 125307
1 113274
2 115853
1 115852
1 115852
3 115852
2 115852
1 115964
1 121754
1 115060
1 115463
1 123511
3 119476
1 118790
1 125118
1 113427
2 113139
1 120118
1 118913
1 120892
5 118465
4 113049
1 113158
1 113049
2 113049
1 112882
1 125293
1 118409
1 125449
1 114853
1 113139
1 123460
1 122329
2 125487
1 125198
1 125311
1 116298
1 113348
1 113744
1 113724
1 125315
6 113691
2 113691
1 113276
1 113070
1 115390
2 113619
1 125708
1 115393
1 112670
2 113345
1 114493
1 114562
1 116714
1 125856
1 125856
1 125565
1 114352
1 123941
1 113063
7 113013
2 125487
2 126102
1 125379
1 126052
1 113700
2 113143
1 125486
1 118752
3 117150
1 125270
2 115761
1 113049
2 113143
2 113143
2 113070
1 113157
1 122459
1 116541
1 125820
1 117171
2 117066
4 118343
3 118343
1 118343
1 112768
1 113055
1 118590
1 113448
1 118599
9 118588
3 113668
1 113543
1 113666
6 115823
5 115823
1 125231
1 113348
1 118560
2 113680
3 123998
1 123998
1 113680
1 115823
2 116848
1 116848
1 116298
3 119498
3 113250
2 113049
1 112703
1 125132
1 125115
1 113245
1 113543
1 125293
1 113371
1 113666
1 113090
1 113300
1 113654
1 113608
2 113544
1 113565
2 115675
2 113264
1 113094
1 115689
1 112889
1 118477
1 116341
1 114562
1 113143
1 113727
3 113448
1 122277
1 117311
1 113536
1 124503
1 113595
4 113586
1 123460
8 116844
1 113161
1 121706
1 116732
1 118556
1 113094
1 125569
1 125034
1 113080
1 123464
1 113020
2 113448
1 118658
1 113464
1 122283
6 122421
3 122421
1 122421
1 113161
1 118393
1 118524
1 125616
2 125616
1 113727
4 115684
1 118652
1 121333
1 119263
2 113148
2 117337
1 125036
2 118418
1 113095
1 112730
1 121439
1 123460
1 113109
1 115858
2 113159
2 113028
2 113496
1 116831
2 125969
4 113119
5 113020
3 113158
1 113012
1 113012
1 113159
1 113161
1 113240
1 113348
1 113023
1 113020
1 112705
1 113049
8 113023
1 113012
2 113020
1 113012
1 113023
3 113020
1 113012
2 113063
1 117027
1 113136
1 114780
1 119954
1 113023
2 125173
1 125487
2 125487
1 125487
3 117032
1 119461
1 113266
1 125565
1 125487
4 112848
3 112842
1 112842
1 112844
1 112842
1 113319
1 115705
3 125535
1 125535
4 113454
1 113735
2 113541
1 113297
1 125044
1 118484
2 113666
1 118600
3 112924
2 113619
7 114153
1 114153
1 114153
1 114153
1 114153
2 114153
1 114153
1 114153
1 114153
1 114153
1 114218
21 113445
1 120197
1 113084
1 113276
2 113251
1 116853
1 113063
1 125397
1 119359
1 118454
2 113727
1 113192
1 123443
2 118415
1 115858
1 118580
2 118580
1 117534
1 118475
9 125181
1 112776
1 113747
1 125248
1 125664
1 116020
2 115504
7 123031
3 123031
1 123031
1 113657
1 113023
1 113259
2 113124
2 125233
1 118437
1 112912
1 113982
4 113093
1 118770
3 118474
1 122166
1 122149
1 113575
3 122149
1 122149
3 118488
2 120120
1 116325
4 115979
1 113080
1 116324
1 122760
1 119224
1 120120
1 125487
1 112720
1 113049
1 116307
1 113357
1 126271
1 125430
1 117105
1 121156
1 113357
1 119765
1 120130
1 113274
1 118654
6 116574
1 120146
1 117524
3 118415
1 118415
1 116362
1 116791
2 116743
2 113080
1 124739
1 123796
1 123710
1 123710
1 112670
2 115524
1 113090
1 118489
1 126080
1 125458
1 116308
2 113023
1 123769
1 113124
1 113252
1 113565
1 116100
1 113157
2 125013
1 116791
1 113175
2 118392
4 113157
6 125185
1 116715
11 116744
1 116744
9 122916
3 122916
1 122916
1 112663
1 115484
2 113023
1 116756
1 116386
1 113080
1 113650
1 116564
1 116480
7 116374
3 116374
1 117930
1 124901
2 118464
1 126090
1 118461
1 125437
1 117374
1 113565
3 114057
1 113620
3 112882
1 113343
1 113017
1 115601
1 113352
1 113470
1 113023
1 116581
1 125551
1 112663
2 115462
1 112807
2 113080
1 113666
1 115476
1 116928
1 115783
1 113422
1 113746
1 122921
1 117407
1 125798
1 113063
1 125315
1 125209
2 122360
3 113221
1 118474
1 113011
2 115171
2 115171
3 115171
1 115171
1 113620
1 118571
1 125834
2 119358
1 119358
1 119359
1 119359
1 119359
5 119358
1 119358
1 119359
1 119359
1 119359
1 118409
1 113021
4 113021
10 113021
1 123417
1 115721
1 113183
1 113345
1 113158
1 118474
1 118395
1 118655
1 125309
1 119839
1 125183
1 124430
1 113727
1 125317
1 117055
1 116965
1 117906
2 113293
1 123326
1 118652
1 115734
1 117105
2 113148
2 125512
1 115734
1 113274
1 125834
1 114549
1 113900
1 113293
1 122396
1 119638
3 113274
2 115840
1 113148
7 123827
1 113049
5 123827
1 123827
1 113293
1 119638
1 118418
5 113445
1 113422
1 118672
1 118564
1 113768
2 113292
5 114074
1 114074
1 114074
1 125419
1 113527
3 117079
1 113293
1 112882
1 118461
1 122702
1 117076
1 116596
9 123828
5 123828
1 123828
2 113096
1 121459
1 113744
1 117079
1 118530
1 116759
1 113031
1 113070
1 113017
2 125435
1 116412
1 113103
1 113020
1 125293
2 113728
1 116942
1 124528
1 113450
1 118366
1 113469
1 125569
1 114685
2 115543
1 122205
1 113491
1 122205
1 113367
1 113274
1 114557
1 123671
1 123620
1 117171
4 123620
1 114716
1 123620
4 113509
2 115496
1 113422
4 118348
1 118212
1 124974
1 126092
2 125378
1 125378
1 125378
8 113747
3 113345
1 113145
2 113747
1 113747
1 116694
38 113020
1 113673
1 125543
1 113135
1 113049
1 113023
1 118365
1 113727
1 123316
1 114363
1 125927
3 114356
1 113070
1 113536
1 121102
1 113427
1 114602
1 114356
1 115466
1 120160
1 114060
1 114356
1 114602
1 125167
2 114602
1 114602
1 125870
1 125449
1 125440
1 114560
2 124802
1 125487
1 125484
5 123450
1 126015
1 113147
2 113735
1 124471
1 113147
1 118652
1 125309
1 113193
1 113020
1 118212
2 113453
16 113507
1 112768
2 118212
1 115034
26 118212
1 118395
1 117534
1 113109
1 118655
2 113707
1 112896
1 113055
1 113422
1 125845
1 113553
1 113307
2 123443
3 125317
1 113707
14 124118
17 124118
1 115682
2 118655
1 114680
1 116617
2 125293
1 118479
1 123397
1 122283
1 113080
16 116035
1 116035
1 122409
1 126331
1 122374
1 118212
2 118212
1 118377
2 118212
1 113728
2 118396
1 118703
1 118449
3 114650
6 115829
1 119287
2 124387
1 125307
1 119287
7 112882
1 113011
3 118212
3 113070
2 113471
1 122805
1 116100
1 116870
1 118571
2 113293
9 125024
1 116820
1 124118
1 124118
2 113147
1 116747
1 113371
1 116754
3 113575
1 112670
1 115600
1 120438
1 118737
1 113079
1 117105
1 116197
1 113093
1 118571
1 122960
1 114174
2 122805
1 118501
2 113167
1 125751
5 113167
1 113095
1 113095
1 113448
1 125277
1 114537
1 116035
1 113049
2 125035
1 125035
1 113507
1 125863
1 123443
1 125275
1 118474
1 113744
1 113116
1 125794
1 112768
1 113296
1 116857
2 116157
1 119900
1 117051
1 125293
1 113070
1 115466
1 113274
2 113020
2 118372
1 118398
1 113190
1 113049
1 115834
2 125640
1 116909
1 116851
1 117534
1 113070
1 113161
1 125874
1 116706
1 115488
2 125521
1 117534
1 114355
2 118400
1 118568
1 113021
1 115533
4 113080
1 125957
1 118535
1 118623
1 118623
1 118500
1 123443
2 120311
1 125527
1 118717
2 115675
1 118717
1 116956
6 113259
1 117037
1 117038
1 113575
3 117038
1 117038
1 117042
2 113445
1 113735
1 125217
1 122386
1 117531
1 113422
1 116411
2 113143
2 125664
5 113485
3 113453
1 119195
1 122306
1 113726
1 113507
1 118450
1 113020
1 112924
1 125597
1 125640
1 116060
1 116001
1 113011
1 118475
2 113485
1 123460
1 113726
1 113617
1 118672
1 115682
1 118556
2 113055
1 113119
1 113055
1 125428
1 113565
1 113979
1 113055
1 125275
2 125201
1 125877
1 113109
2 124974
1 117495
2 125655
1 124985
1 125384
1 113155
1 125010
1 113459
1 113579
2 115791
2 115635
1 113558
1 116820
1 116706
2 115791
1 115072
1 113020
1 123946
4 113028
1 116356
2 118398
1 113579
4 115765
1 116843
1 117290
1 115765
2 113053
1 122722
2 116475
1 116165
1 113696
1 113247
2 113268
1 113268
1 113575
1 118528
1 125616
1 125371
1 116035
1 114934
1 113453
1 113988
2 113189
1 113595
1 113155
1 125596
1 120174
1 113558
1 112924
1 113221
1 125234
1 113350
1 125949
1 113453
1 125958
5 119954
3 113221
1 116341
1 113735
1 112692
1 113055
1 113167
2 113040
1 122850
1 113422
2 113448
1 115966
1 125588
1 113726
1 125269
1 113250
1 125756
2 125664
1 113536
2 116713
1 117458
1 125458
1 115130
1 113021
2 113322
1 117528
1 118459
1 120206
1 117528
1 113527
1 125436
1 118452
1 121439
1 113049
1 125487
1 113250
1 118560
5 117534
1 113355
1 125179
2 113232
1 115586
1 118524
12 123328
1 114166
1 124802
1 125254
4 116442
1 115782
1 116443
5 116442
1 116442
1 124118
1 125049
1 125458
1 113143
30 113143
1 113143
16 113143
1 113100
11 113143
1 113143
1 120225
1 125293
2 113013
1 115763
1 125084
1 126317
2 125201
1 113021
1 114932
1 123572
1 113558
2 125616
1 125487
4 118570
2 115309
1 125297
1 116706
1 112815
3 112808
1 112808
1 112808
1 112808
1 112808
3 113666
1 113240
1 125458
2 113507
1 118655
1 123024
1 113707
3 113020
1 115853
6 123422
1 117534
1 113070
8 113070
1 125874
1 125955
1 113726
1 125874
1 113442
1 116694
1 113442
1 120443
1 113183
2 116918
1 116918
3 113295
2 113053
1 115504
4 113442
1 113288
2 113070
1 123548
1 125309
1 113445
1 118474
1 113296
1 121120
1 113109
1 113288
1 118524
1 113443
1 124118
1 121439
1 118474
3 113070
1 115802
2 113445
1 116482
1 113288
1 115756
1 118398
1 113352
1 114684
3 118500
1 115099
1 115034
1 115309
1 116298
2 125768
3 119954
1 115408
1 118465
1 115694
3 113482
1 122982
3 115756
2 115305
4 115305
4 112730
1 112730
3 112730
1 118459
2 113145
1 115840
1 113090
1 113190
1 113321
1 115578
2 113023
1 116831
1 113464
2 116757
1 112707
1 115471
1 112882
1 115471
1 113014
2 112665
1 113012
1 113013
1 125594
1 113379
1 125745
1 113147
1 113901
1 115841
1 118394
1 118474
1 125031
1 115039
5 118638
1 118495
1 118644
1 118640
1 117172
1 113094
1 114610
1 115979
2 113070
1 126084
2 113189
1 126087
1 125296
1 120756
3 113147
1 118392
1 124988
1 118655
1 113014
1 125390
1 125296
1 116298
40 116952
1 116952
5 116952
1 116952
1 113232
1 113445
1 125337
1 113080
1 112698
3 113343
1 114649
1 123447
1 125204
1 125011
1 117183
4 124905
1 117105
1 116100
1 116859
2 125332
1 125421
1 115141
2 119016
3 119016
3 119016
1 115141
1 119016
1 124549
2 126271
1 115039
1 112698
5 116943
1 118393
1 114475
2 124737
1 121893
1 116032
2 116032
2 121893
1 121893
1 116032
1 119886
1 119886
1 119886
1 125768
1 116934
1 121816
1 118652
6 113017
1 113145
1 115607
1 118334
1 112707
1 112779
3 112882
2 113021
3 113014
1 118359
1 123564
1 113014
1 112712
1 125179
1 112698
1 119886
1 113624
1 112962
1 115543
1 116413
1 115669
2 123468
1 113119
1 114731
1 126080
1 116709
2 116714
1 113300
1 119183
1 116857
1 115840
1 113570
1 112857
1 115606
1 113040
1 118064
1 116296
1 115682
1 113356
1 112805
1 115833
1 116934
1 114935
1 114548
2 123427
1 125231
1 116041
1 113575
1 112924
1 113012
1 113023
1 113515
1 113183
8 113343
1 113139
1 113579
1 112720
1 113343
1 113023
1 112719
1 115478
1 113248
5 113087
1 120921
3 113248
1 113424
1 125274
2 113441
1 113355
1 112670
4 112707
1 115521
1 124980
1 120142
2 113023
1 125001
1 113723
1 112693
2 113049
3 113014
1 113143
2 118571
1 118450
3 116404
1 118603
1 125290
2 114057
2 125433
1 113691
2 115894
1 125290
1 113274
1 123607
1 123607
1 113136
3 125674
1 118765
1 113355
1 113575
1 113136
1 118571
1 114652
1 116785
1 124992
2 124586
1 116451
1 116824
1 123427
2 125588
1 118591
1 124670
1 116715
3 123416
6 113159
1 124351
1 117280
1 113149
5 113095
1 122749
2 116844
1 113728
1 116283
1 123665
1 116064
3 125293
1 118500
1 113189
1 121214
1 123209
1 113231
1 113650
1 116507
2 112729
1 118479
5 113251
1 121147
1 125668
1 118481
1 113070
2 118506
1 113343
2 113302
2 125293
1 120194
1 116713
3 113728
2 121457
1 113553
2 118570
2 118560
1 125616
2 116444
1 113008
2 115786
1 116651
1 116734
3 116734
1 116734
1 116734
1 116748
1 124485
1 123316
1 113292
1 124897
1 113293
2 113084
1 113084
2 113866
5 113248
1 113595
1 113248
1 115721
1 113017
5 115721
5 115722
1 120194
2 116822
1 115721
4 113250
1 121194
1 125616
1 114057
2 122209
1 113167
1 123946
2 119404
1 120254
2 125137
2 125290
1 120254
1 114137
1 125216
1 114853
1 113070
1 125293
1 113459
1 124118
2 113452
1 125704
1 125820
1 114410
5 123910
1 123910
2 121342
1 113063
1 113527
1 125021
1 116717
1 123443
1 113620
1 112727
1 118179
1 125320
1 113988
1 113713
2 118747
1 118465
4 119161
4 123108
1 119161
1 119161
1 116879
2 113610
1 118413
1 116454
1 113669
6 113515
1 113519
1 113515
3 113222
1 114057
1 112882
1 113258
5 113988
2 113348
2 113988
1 120302
1 120302
1 125575
1 115648
1 113262
2 115488
1 118790
1 113570
1 112776
1 115650
3 113570
1 114611
1 116718
1 113248
1 121107
2 117094
1 116536
1 117075
1 120302
1 118715
6 115840
5 125480
1 125480
1 125480
1 117431
1 118404
1 113573
2 114949
1 120627
1 116335
1 116456
3 116335
1 116335
1 116335
2 122683
3 122681
1 122681
1 112785
1 118913
1 117545
1 117545
1 117545
2 113188
1 115541
1 113157
1 113983
2 115496
3 112829
1 115493
1 115493
1 115493
1 118039
1 125244
1 121291
1 112829
8 123937
1 123937
1 125544
1 118398
1 118398
1 113619
3 113222
3 113012
1 118413
1 118555
1 118555
2 115475
2 118515
1 118515
6 118515
1 118515
1 118515
5 113680
1 113551
1 125965
1 112678
2 113256
2 113090
1 113727
1 125692
1 112857
1 113575
1 113295
1 113264
1 112871
1 125293
1 118259
4 125558
1 116879
1 119254
1 115105
1 115560
1 118353
1 125487
1 118398
1 118398
7 118398
1 118398
2 125429
4 112682
4 113274
1 115622
1 115723
1 113297
1 118465
1 123427
4 125248
1 113259
1 123206
1 112982
1 115622
2 118765
3 113274
1 118652
5 113274
2 118372
1 123354
1 126042
2 113070
1 118465
2 125272
3 113443
1 115586
1 113090
1 121120
1 114932
1 118652
1 116320
1 121092
3 125659
1 112663
2 115695
2 113575
3 114102
2 113888
3 113485
1 114102
1 113079
1 113020
1 113349
2 113103
1 115037
2 118400
1 118394
2 113352
1 118468
2 118701
1 113139
1 125242
1 123450
1 115698
1 125798
1 118212
2 118212
1 116038
1 113645
2 115009
1 123468
1 122581
1 112707
1 115474
2 113090
1 118424
1 125948
1 112678
